0 0.0873295
1 0.246682
2 0.328076
3 0.379439
4 0.459766
5 0.125935
6 0.15754
7 0.238028
8 0.289763
9 0.380052
10 0.451141
11 0.512331
12 0.534727
13 0.58579
14 0.617181
15 0.618887
16 0.679602
17 0.701226
18 0.752194
19 0.7835
20 0.853901
21 0.855928
22 0.897
23 0.898727
24 0.930053
25 0.951512
26 0.982737
27 1.00436
28 1.03576
29 1.03753
30 1.0693
31 1.09095
32 1.12228
33 1.1735
34 1.2053
35 1.22694
36 1.25813
37 1.30896
38 1.36978
39 1.40188
40 1.44322
41 1.49407
42 1.54512
43 1.56696
44 1.60814
45 1.61009
46 1.66088
47 1.70234
48 1.72386
49 1.72578
50 1.76698
51 1.82808
52 1.84934
53 1.88047
54 1.91155
55 1.94296
56 2.01368
57 2.07476
58 2.14576
59 2.17721
60 2.1789
61 2.21011
62 2.24147
63 2.29256
64 2.29422
65 2.3257
66 2.37652
68 2.37026
69 2.3926
77 2.39741
94 2.27117
95 2.29259
97 2.32633
98 2.36719
106 2.38119
108 2.38527
114 2.38628
115 2.40782
119 2.41528
130 2.33717
137 2.33099
142 2.37048
146 2.38757
151 2.37757
154 2.41258
160 2.40411
169 2.41105
174 2.38103
178 2.41874
181 2.44473
186 2.44446
190 2.46152
195 2.44132
196 2.48232
198 2.52515
202 2.50322
204 2.52643
205 2.568
206 2.59945
211 2.60829
216 2.61773
222 2.59901
223 2.6007
225 2.63418
230 2.62371
231 2.6646
232 2.72513
241 2.66286
248 2.6365
255 2.63081
262 2.58467
266 2.60237
268 2.62573
273 2.60549
274 2.66631
275 2.72694
281 2.68881
285 2.68629
290 2.67577
295 2.67508
300 2.64503
301 2.70615
302 2.74727
309 2.70113
311 2.72417
312 2.74593
318 2.73734
328 2.6972
334 2.70847
339 2.71781
344 2.70725
353 2.67451
357 2.70114
366 2.67923
370 2.73572
371 2.73772
372 2.76936
374 2.79273
380 2.75456
383 2.76982
390 2.72376
391 2.75528
396 2.77425
397 2.81591
399 2.85939
401 2.88279
408 2.8854
409 2.88714
418 2.87451
424 2.85607
425 2.89769
430 2.88835
431 2.93008
433 2.95335
434 2.99505
440 2.99612
441 3.08798
443 3.08175
450 3.06504
451 3.10614
457 3.07802
459 3.12085
462 3.1462
464 3.1695
465 3.21042
473 3.18582
475 3.22889
482 3.18256
483 3.20412
488 3.20344
490 3.19727
493 3.18318
502 3.15069
503 3.19181
508 3.22079
517 3.15865
522 3.1777
524 3.1911
533 3.15814
545 3.10178
551 3.10304
556 3.10247
560 3.10972
566 3.07163
567 3.1028
576 3.09992
579 3.10554
587 3.09056
593 3.09277
594 3.17388
600 3.13556
609 3.1036
619 3.06295
623 3.08012
626 3.10576
632 3.09729
641 3.08454
642 3.11585
648 3.11703
653 3.097
657 3.13402
662 3.18352
667 3.15337
674 3.12702
680 3.1183
684 3.13544
689 3.12534
696 3.11843
698 3.17095
703 3.14099
704 3.14282
705 3.16432
706 3.22465
715 3.16238
720 3.17144
726 3.14328
732 3.13477
